3.57645 3.37983 1.41273 6.61142 6.22974 4.97688 6.05184 6.83839 4.5229 5.32373 4.37211 4.95174 2.20449 4.98195 5.6837 4.61773 4.48573 6.44375 7.71845 2.96828 5.603 3.35069 5.52036 4.19227 5.83638 6.00356 3.29433 
0.0332324 0.418206 -0.351393 -0.108046 -0.199736 -0.110911 -0.249737 0.38856 0.26901 -0.280901 -0.31847 0.455059 -0.466138 -0.175885 0.416797 -0.248579 -0.152943 0.387789 0.395705 0.367358 0.121908 -0.319985 -0.298239 -0.223365 0.418912 0.0620832 2.65467 
0.212474 0.120111 -0.00940301 0.43856 -0.379351 0.418845 0.320489 0.357679 -0.19714 -0.246558 -0.440061 0.0848501 -0.00259478 0.439359 -0.12426 0.331991 -0.171176 -0.428016 -0.113559 0.239687 -0.308196 0.479757 -0.400683 0.308639 -0.449992 -0.0992001 5.12709 
-0.452936 -0.0830951 -0.364251 0.288071 -0.16166 0.188204 -0.471383 -0.215829 -0.346726 0.376362 0.460747 0.232477 -0.418462 0.169388 -0.14745 -0.487826 -0.337288 0.204834 -0.466725 0.485435 0.375761 0.0959154 -0.447245 -0.0986272 -0.335519 0.0762982 6.31428 
0.360678 -0.425335 0.154846 0.258137 -0.121822 0.0377949 0.433648 -0.0134797 0.332464 -0.132875 0.380015 0.373585 0.283041 -0.0464233 0.483189 0.349108 -0.194604 0.42806 -0.0155704 0.20662 0.303452 -0.482766 -0.352166 -0.246533 0.490477 0.0574001 2.712 
0.00835136 0.00320393 0.424942 0.493427 -0.318488 0.270968 -0.0492044 -0.258046 -0.289615 -0.386217 0.18026 0.318642 0.277738 0.359818 -0.29578 -0.382566 -0.111053 0.303181 0.378351 0.122861 -0.0811212 -0.264704 -0.466754 0.0841375 -0.494173 -0.483256 6.81729 
0.062213 -0.361976 -0.277909 -0.184027 -0.20136 0.180011 -0.377873 -0.467148 0.17076 0.42605 0.000962116 -0.143692 -0.115977 -0.167554 -0.191875 -0.219783 0.0491224 0.176567 0.0950417 -0.38806 -0.25349 0.408528 -0.351168 -0.149075 0.226843 0.428773 5.52389 
0.0356062 0.346607 -0.0146013 -0.181036 -0.431464 -0.236711 0.261447 0.141396 0.188783 0.0462111 0.43754 -0.0653145 -0.0269159 0.232017 0.028216 -0.069407 -0.440546 0.0165903 -0.489268 -0.44834 0.0990705 0.00209093 0.18834 0.430798 -0.279142 -0.408429 6.06551 
-0.39077 0.446514 -0.0384279 -0.0409207 -0.129899 -0.15827 -0.478169 0.101875 0.382468 0.362014 -0.362034 -0.0619131 0.262716 0.0794207 -0.178241 0.155269 -0.0431545 0.0390669 -0.147362 0.0630103 -0.341085 -0.330268 -0.335868 -0.100473 -0.178493 0.258847 5.15879 
0.22361 -0.0274878 -0.442113 -0.303178 -0.16684 0.231611 0.337432 0.0703792 0.457876 -0.131417 0.108972 0.301034 0.176699 -0.2208 -0.150543 0.473614 -0.156829 -0.0933824 -0.408958 0.155931 0.477698 -0.424113 0.496622 0.313101 -0.100312 0.0294411 7.18095 
-0.0840887 -0.207618 -0.399555 0.399445 0.00217194 0.133213 -0.212109 -0.190732 -0.243716 -0.279012 9.0832 10.8737 12.7879 8.66428 7.07873 13.7362 6.91043 12.3208 0.318182 0.0480441 0.228427 -0.352052 -0.20579 0.0401906 0.31319 0.474387 7.05357 
-0.439794 -0.00853678 -0.388648 -0.479938 -0.342146 -0.0855206 -0.205484 -0.319445 -0.123076 0.479465 9.17073 9.38486 7.87824 9.37242 3.49589 6.33988 13.0112 12.7333 0.0672348 0.149953 0.153392 -0.434263 -0.21938 0.110814 0.295047 0.257327 6.28511 
0.0396116 -0.194744 0.038898 -0.151316 -0.329402 -0.180025 0.130095 0.356425 -0.49091 -0.126585 7.84427 8.53816 8.83312 5.56754 12.1406 17.199 14.0562 12.9006 -0.136875 0.193638 -0.497178 0.303322 0.414137 -0.0146661 0.183962 -0.0270656 6.2435 
-0.388378 -0.424271 0.486189 0.110485 0.303736 0.41221 0.489854 -0.226444 -0.0746019 0.22444 11.0973 8.78927 11.1311 10.4714 11.613 7.46725 9.5819 9.00046 -0.320392 0.337752 -0.265442 -0.0410366 -0.268305 -0.158184 -0.249719 -0.366375 4.10497 
0.439655 -0.319567 0.054737 -0.44236 -0.47853 -0.343131 0.0618929 0.0875976 -0.34353 0.0678637 12.657 4.4378 6.20115 5.73802 7.47747 11.1685 6.97543 12.1092 0.396075 -0.0799185 -0.0104495 -0.028875 -0.0836179 -0.0974419 -0.00360902 -0.302238 6.07676 
0.324528 0.362454 0.0345995 0.267222 -0.202266 0.189295 -0.302485 0.333569 0.229741 0.29595 6.19364 5.81643 11.3318 8.15796 6.29986 12.1894 7.29931 9.39815 -0.327303 0.328603 -0.0960515 -0.306372 -0.226106 -0.335462 -0.358933 0.220953 6.09748 
-0.198604 -0.173364 0.493616 -0.453283 0.230088 -0.230084 -0.258103 0.0831319 -0.177159 0.46834 13.715 5.93386 7.7793 9.18898 6.63198 12.0559 10.5733 13.773 -0.0906849 -0.19388 -0.258338 -0.239591 -0.342849 0.330599 0.491663 -0.291749 5.88789 
-0.211105 0.158087 0.205097 0.306662 0.177849 0.163144 0.109902 0.284871 0.33763 -0.455617 15.294 9.20005 12.8614 5.86327 9.85171 12.5893 13.8604 13.6231 0.414136 -0.355264 0.174638 0.071549 -0.307633 0.318496 -0.430901 0.467776 5.36272 
0.0629479 0.158397 0.17925 0.0398234 0.400648 -0.123881 -0.120306 0.349141 -0.46085 0.0694697 0.111399 0.325958 0.45633 0.105546 -0.364036 0.0721597 0.400896 -0.407295 -0.109598 -0.389488 0.0404951 -0.152032 -0.0916774 0.234162 -0.280521 0.483471 4.91852 
-0.363911 0.110881 0.258437 0.0286773 -0.461714 0.214134 -0.168721 -0.0963544 -0.0990498 0.0610656 0.318061 0.303886 0.238408 -0.144667 0.470118 -0.165869 -0.427501 0.472441 0.172294 0.432244 0.191949 0.11057 -0.417945 -0.415088 -0.345104 -0.439435 8.10874 
-0.299232 -0.372497 -0.371233 -0.298912 0.126012 0.302843 0.257315 -0.19398 -0.479442 -0.423082 -0.184704 -0.417162 0.228276 0.115863 -0.0101967 0.0363808 0.42638 0.194216 0.18866 -0.00579405 0.318454 0.131976 0.132973 0.384639 0.372729 0.339763 5.84765 
0.353056 0.293619 -0.311113 0.167261 0.477042 -0.263058 -0.446422 0.204524 0.0442028 -0.41961 0.139701 0.0394904 0.012027 -0.293549 -0.341627 -0.0347049 -0.433822 -0.0135048 -0.158247 0.454412 0.196665 -0.15462 0.343637 0.270002 -0.221435 0.190958 3.31408 
-0.402807 0.111059 0.115903 -0.450522 0.148495 0.366245 0.330733 0.030761 -0.0990132 -0.130809 0.245452 0.465955 0.497182 0.465469 -0.202288 -0.0515283 0.415856 -0.0627902 -0.38486 -0.167421 -0.00386737 0.106795 -0.134485 0.47033 -0.265674 -0.0955944 6.65391 
0.368206 0.120955 0.0199801 -0.275705 -0.278811 -0.467557 0.0345256 -0.348145 0.469211 -0.117751 -0.245155 0.145245 0.112838 0.373936 -0.127543 0.322461 0.208276 0.490415 0.482917 0.437652 -0.447898 -0.459495 0.0560836 -0.230585 0.463005 0.0112862 6.25239 
0.157597 0.00859371 0.140874 -0.132236 -0.15145 0.119435 0.160742 -0.459228 -0.131841 -0.41432 -0.0417273 0.256278 0.369879 -0.450391 0.333086 0.455443 0.0659944 0.460573 -0.483285 0.328691 -0.2519 -0.328725 0.459091 -0.181342 0.226991 -0.306671 5.62829 
-0.403066 -0.327888 -0.429455 0.229381 -0.226005 -0.30612 -0.451385 -0.00445368 -0.267756 -0.414856 0.462477 -0.158458 0.09066 0.482876 -0.147867 -0.155192 0.0557496 -0.13354 0.0691169 0.23777 -0.393689 -0.309654 -0.240605 0.151834 0.161682 -0.313061 5.48473 
0.342381 0.470487 -0.185501 -0.366435 -0.0166455 -0.122779 0.0497265 -0.186776 -0.283965 0.0477516 -0.2772 -0.290267 -0.147783 0.233095 -0.0928587 -0.166214 0.444069 -0.068103 0.375677 0.314012 0.243196 0.219989 -0.171761 -0.00439492 -0.00632558 -0.405004 5.58961 
